0,476
0,475
0,474
0,473
0,472
0,471
0,470
17,2
17,1
17,3
15,2
15,1
15,3
16,2
16,1
16,3
13,2
14,2
4,17
4,16
4,27
4,4
4,71
4,12
4,92
4,85
4,34
4,73
4,38
4,1
4,94
4,2
4,3
6,4
6,8
6,1
6,7
6,2
6,3
7,15
7,12
7,14
7,4
7,16
7,6
7,1
7,11
7,2
7,3
5,4
5,2
5,1
5,3
0,469
30,3
30,2
30,1
30,0
29,3
29,2
29,1
29,0
28,49
28,48
28,47
28,46
28,45
28,44
28,43
28,42
28,41
28,40
28,39
28,38
28,37
28,36
28,35
10,199
10,97
10,139
10,159
10,121
10,7
10,285
11,23
11,12
20,3
20,2
20,1
19,3
19,2
19,1
18,3
18,1
14,3
14,1
13,3
13,1
12,3
12,2
12,1
11,28
11,18
11,16
11,15
11,14
11,13
11,10
